Data Point Triggered: 17211
28849.7300995238

27958.6473475168

27805.2655245330

27779.0606703662

27773.9302881960

27772.6573237465

27772.2796348382

27772.1574406178

Data Point Triggered: 17485
27772.1165560196

27772.1027126048

27772.0980060464

27772.0964036592

27772.0958578561

27772.0956719157

27772.0956085674

27772.0955869847

27772.0955796315

27772.0955771263

27772.0955762727

27772.0955759819

27772.0955758828

   0.00073
  -0.00074
   0.00283

Speed: 331.23045

449.6749014911

147.9266322810

125.5467309774

126.7280585195

126.7275969704

126.7248349837

126.6996468044

126.3880568388

125.6284030730

125.5480910221

125.5467416136

125.5467310190

125.5467309775

125.5467309774

  -0.00082
   0.00565
  -0.00039

Speed: 174.71904

Data Point Triggered: 27612
314.6731371078

107.7902665448

101.0011893068

101.2950270544

101.2949256756

101.2943188613

101.2887733070

101.2182398118

101.0246118862

101.0015844439

101.0011923976

101.0011893189

101.0011893068

101.0011893068

101.0011893068

101.0011893068

101.0011893068

101.0011893068

101.0011893068

  -0.00083
   0.00582
  -0.00038

Speed: 169.70891

Data Point Triggered: 39331
270.4316899475

99.9810002856

97.5851628157

97.8974798807

97.8973572229

97.8966232669

97.8899337305

97.8076579045

97.6072796783

97.5855334870

97.5851657149

97.5851628270

97.5851628157

97.5851628157

97.5851628157

97.5851628157

97.5851628157

97.5851628157

97.5851628157

  -0.00081
   0.00540
  -0.00030

Speed: 182.80424

Data Point Triggered: 51134
316.2611364271

137.3786807221

131.8946314875

133.8425153237

133.8415422271

133.8357233639

133.7829965459

133.1780395135

132.0013473909

131.8963833066

131.8946451843

131.8946315410

131.8946314876

131.8946314875

131.8946314875

131.8946314875

131.8946314875

131.8946314875

131.8946314875

  -0.00085
   0.00529
  -0.00023

Speed: 186.35436

Data Point Triggered: 63351
403.7051539291

114.1390036267

100.7069262555

101.0353048016

101.0352288190

101.0347736192

101.0305818529

100.9718184391

100.7418315875

100.7075166677

100.7069308734

100.7069262735

100.7069262555

100.7069262555

100.7069262555

100.7069262555

100.7069262555

100.7069262555

100.7069262555

  -0.00099
   0.00547
  -0.00045

Speed: 179.42347

