     5.56115e-05     5.33081e-05     6.47367e-05     4.79827e-05     8.62644e-05        0.177083        0.330905        0.309427      0.00654153         0.25387
     5.33265e-05     4.47409e-05     8.94224e-05     5.49163e-05     5.47086e-05         0.15485        0.342774        0.302064      0.00782016        0.253087
     2.97113e-05     1.92183e-05     3.73989e-05     3.04576e-05     1.92008e-05        0.164241        0.280744         0.27064      0.00898878        0.282054
     9.97935e-06     8.76124e-06     8.49452e-06     1.09251e-05     7.87175e-06        0.150747        0.255965        0.248883       0.0128462        0.295201
     7.64788e-06     9.73987e-06     8.94382e-06     7.56957e-06     8.39982e-06        0.140583        0.214585        0.221038       0.0171288        0.310626
      4.9603e-06     4.74812e-06     4.39537e-06     4.47062e-06     5.13791e-06        0.131317        0.172298         0.18887       0.0196128        0.318933
     5.79526e-06     6.60579e-06     5.96366e-06     6.67543e-06      6.8763e-06         0.12248        0.127557        0.153087       0.0215793        0.321225
     7.80907e-06     8.69481e-06     7.73625e-06     7.94809e-06      7.9842e-06        0.110129       0.0916331        0.122775       0.0237547        0.307274
     5.87167e-06     6.68912e-06     5.59013e-06     6.07738e-06     6.20748e-06        0.101183        0.060312       0.0912052       0.0259125         0.29175
     2.20572e-06     2.42539e-06     2.01567e-06     2.28937e-06     2.29742e-06       0.0882917       0.0374151       0.0666574       0.0269189        0.256419
      2.8528e-06     3.03462e-06     2.93325e-06     3.29631e-06     3.50607e-06       0.0771138        0.020898        0.045146       0.0280049        0.216138
     3.19996e-06     3.27809e-06     3.08643e-06     3.31951e-06     3.66458e-06        0.069045       0.0100181       0.0268648       0.0274577        0.172804
     1.16273e-06     1.36332e-06     1.20209e-06     1.34022e-06     1.37678e-06        0.060012       0.0056994        0.014921       0.0282644        0.129726
     3.61132e-06     4.31743e-06     3.73963e-06     3.83624e-06     3.95303e-06       0.0513452      0.00597225       0.0084179       0.0295853       0.0903962
     3.01728e-06     3.23783e-06      2.9377e-06     3.33774e-06     3.47145e-06       0.0430484      0.00881171      0.00653076       0.0309476       0.0544288
      1.1852e-06     1.21292e-06     1.17717e-06     1.30355e-06     1.24536e-06       0.0367966       0.0139714      0.00906193       0.0313716       0.0274783
      1.2642e-06     1.40012e-06     1.22837e-06     1.31437e-06     1.45517e-06        0.031047       0.0202444       0.0156876       0.0321336      0.00974962
     1.13024e-06     1.10371e-06      1.0917e-06     1.13489e-06     1.30752e-06        0.026377       0.0278284       0.0262052       0.0319518      0.00213001
     2.49275e-06     2.44783e-06     2.42185e-06     2.71014e-06     3.09708e-06        0.021747        0.035062       0.0392606       0.0322947      0.00444123
     2.02422e-06      2.1207e-06     2.02272e-06     2.29806e-06     2.39844e-06       0.0190259       0.0416746       0.0530831       0.0303213       0.0167039
     2.84585e-06     2.84293e-06     2.79883e-06     3.07375e-06     3.19123e-06       0.0159475       0.0491799       0.0687747       0.0286894       0.0375452
     1.60448e-06     1.53614e-06     1.49495e-06     1.66357e-06     1.83951e-06        0.014666       0.0545711       0.0832768       0.0248928       0.0682074
     3.04201e-07     3.18756e-07     2.75537e-07      2.7009e-07     3.65915e-07       0.0132971       0.0595795       0.0959605       0.0213993         0.10639
     5.60123e-07     6.25753e-07     5.16764e-07     5.57172e-07      6.3635e-07       0.0125679       0.0635899        0.106779       0.0172604        0.150736
     3.24905e-07     2.96253e-07     2.53456e-07     2.51415e-07     3.42919e-07       0.0123577       0.0666867        0.115091        0.013235        0.199552
     4.35237e-07     3.88821e-07     3.94217e-07      4.5044e-07     5.08612e-07       0.0128858       0.0678134        0.120181      0.00913728        0.251387
     6.91614e-07     8.17776e-07     7.10415e-07     7.28184e-07      7.5142e-07       0.0134214        0.068616        0.120748      0.00694967        0.300998
     4.01896e-07     3.54714e-07     3.41055e-07     4.11212e-07     3.80142e-07       0.0143907       0.0679343        0.120322      0.00543107        0.347279
      2.6522e-07     3.41972e-07     3.04942e-07     3.50827e-07     4.17794e-07       0.0156251       0.0664846        0.116232      0.00578132        0.384029
     1.93055e-07     2.70023e-07     2.58329e-07     2.79128e-07     2.82703e-07       0.0173668       0.0641704        0.109182      0.00778581        0.410495
     1.76665e-07      2.2521e-07     2.63406e-07     2.53394e-07     2.18853e-07       0.0190611       0.0619874        0.101926       0.0118382        0.420862
     3.02554e-07     3.07179e-07     3.52054e-07     3.35289e-07     3.20936e-07       0.0214169       0.0584932        0.092154       0.0171711        0.418245
     3.17681e-07     2.97255e-07     3.37212e-07     3.10739e-07     3.13995e-07       0.0239055       0.0549172       0.0816478       0.0238179        0.398049
     1.79485e-07     1.78854e-07     2.00486e-07     2.13766e-07     2.15147e-07       0.0265912        0.050992       0.0710847       0.0315615        0.363863
     3.52584e-08     3.26137e-08      4.2877e-08     3.57456e-08     2.67755e-08       0.0299538       0.0460257       0.0596257       0.0391677        0.319005
     4.16542e-08     3.66187e-08     4.92988e-08     3.90338e-08      5.0267e-08       0.0333224       0.0404401        0.048605       0.0468261        0.266407
     5.11918e-08     4.91162e-08     5.39159e-08     4.60547e-08     6.64144e-08       0.0370904       0.0343682       0.0384157       0.0532835        0.210164
     7.76887e-08     7.07816e-08     5.15677e-08     6.43396e-08     7.70402e-08       0.0408543       0.0276256       0.0291104        0.058834        0.155312
     9.70234e-08     1.09791e-07     7.88963e-08     9.24208e-08     9.78639e-08       0.0444242       0.0206352       0.0215522       0.0627734        0.105105
     1.39247e-07     1.48879e-07     1.10422e-07     1.67233e-07     1.62702e-07       0.0481154       0.0141614       0.0159016       0.0644128       0.0632286
     1.45671e-07     1.33198e-07     1.43304e-07     1.99074e-07     1.83861e-07       0.0511368      0.00847391       0.0127148       0.0645825       0.0315862
      1.6535e-07     1.71483e-07     1.58428e-07     1.82005e-07     2.23722e-07       0.0535024      0.00447741       0.0120094       0.0624352       0.0108997
     1.88033e-07      1.9512e-07     2.28487e-07     2.47788e-07     2.37258e-07       0.0550289      0.00285057       0.0139684       0.0587819       0.0013677
     1.45775e-07      1.7235e-07     1.52869e-07     1.92877e-07     1.85881e-07       0.0557342      0.00400581       0.0181646       0.0536496      0.00189557
     2.65434e-07     2.34563e-07     2.37801e-07     2.80625e-07     3.37727e-07       0.0550367      0.00837241       0.0241887       0.0470954       0.0109035
     1.62707e-07     1.58865e-07     1.90448e-07     1.73917e-07     2.01514e-07       0.0531333       0.0162045       0.0317915       0.0405323       0.0265943
     3.34442e-07     2.96364e-07     2.90109e-07     4.12831e-07     3.34775e-07       0.0501589        0.026703       0.0398712       0.0330863       0.0470694
     2.55045e-07     2.26391e-07     2.61124e-07     3.00493e-07     2.82312e-07       0.0461955        0.039912       0.0479979       0.0261401       0.0706413
     4.24073e-07     3.66969e-07     4.70226e-07     4.63994e-07     4.13847e-07       0.0413397       0.0546756       0.0552758       0.0196757        0.095674
     3.25132e-07     3.36458e-07     3.83331e-07      3.5499e-07     4.96539e-07       0.0356235       0.0701095       0.0616065       0.0140676        0.121352
     1.14491e-06     1.24952e-06     1.12737e-06      1.3331e-06      1.5439e-06       0.0297464       0.0850594       0.0659032      0.00939659        0.147077
     1.25657e-06     1.45528e-06     1.39191e-06      1.4658e-06      1.7196e-06       0.0240329       0.0982995       0.0683307      0.00592202        0.171546
     2.05738e-06     2.20163e-06     1.91293e-06     2.41646e-06     2.80199e-06       0.0187495        0.109079       0.0690524      0.00370904         0.19486
     1.31419e-06     1.31751e-06     1.24022e-06     1.46854e-06     1.65665e-06       0.0145161        0.116433       0.0675093      0.00262054        0.216107
      3.6916e-07     3.97181e-07     3.62948e-07     3.37877e-07     4.34946e-07       0.0114907        0.120235       0.0644148       0.0026023        0.234772
     2.58154e-07     2.62024e-07     3.15937e-07     2.61441e-07     3.26568e-07       0.0101026        0.120128       0.0601364      0.00352793        0.249434
     1.39612e-07     1.29038e-07     1.56664e-07     1.39114e-07     1.85025e-07       0.0106149        0.115965       0.0545339      0.00512036        0.260376
     7.56241e-08      7.5609e-08      7.4417e-08     6.96765e-08     1.14992e-07        0.012998        0.109159       0.0482342      0.00712372         0.26583
     5.16036e-08     5.16621e-08     5.43737e-08     7.15734e-08     6.84011e-08       0.0172935       0.0993846       0.0418237      0.00939432        0.265521
     5.79256e-08     5.64756e-08       5.015e-08      4.2094e-08     4.11586e-08        0.023134        0.087487        0.035208       0.0115672        0.258482
     2.76966e-08     3.91049e-08     5.54259e-08      5.4358e-08     6.69908e-08       0.0303442       0.0743934       0.0287881       0.0133613        0.245953
     6.70884e-08      4.9655e-08     7.60726e-08     6.03883e-08     8.05958e-08       0.0383314       0.0612754       0.0230004        0.014615        0.226357
     7.04309e-08     6.74797e-08     5.00022e-08     5.03508e-08     7.05215e-08       0.0466843       0.0481606       0.0178648       0.0151264        0.202189
     6.10498e-08     7.32425e-08      5.7512e-08     6.25752e-08     9.03848e-08       0.0545296       0.0357578       0.0135303       0.0149834        0.173321
     7.49913e-08     8.59366e-08     8.98094e-08      7.6419e-08     8.66563e-08       0.0613493       0.0246813      0.00996551       0.0140122        0.142777
     9.90365e-08     9.20221e-08     1.17581e-07     9.56451e-08     9.12675e-08       0.0667924       0.0155026      0.00739508       0.0125162        0.111049
      1.3322e-07      1.4937e-07     1.49461e-07     2.11718e-07     1.74924e-07       0.0702939      0.00812608      0.00573934       0.0106085       0.0804907
     2.89767e-07     2.51889e-07     2.14612e-07     3.89156e-07     4.68504e-07       0.0716321      0.00304081      0.00495295      0.00853804       0.0529959
     3.95444e-07     3.76999e-07     3.12078e-07     5.49273e-07     7.10578e-07       0.0708251     0.000467524      0.00493808      0.00651255        0.030022
      1.0828e-06     1.12439e-06       1.014e-06     1.04671e-06     1.08954e-06       0.0681546        0.000487      0.00577871      0.00482523       0.0129935
     1.13098e-06     1.30717e-06     1.22451e-06     1.15826e-06     1.20239e-06       0.0635564      0.00320635       0.0072015      0.00357723      0.00293998
     3.27973e-07     3.68918e-07     3.69041e-07     3.46218e-07     3.64781e-07       0.0578626      0.00862843      0.00931765      0.00287464     0.000271615
      7.0445e-08      8.5358e-08      6.7155e-08     5.49528e-08     8.68597e-08       0.0516451       0.0166461        0.012061      0.00263935      0.00516331
      3.8879e-08     3.67635e-08     2.94051e-08     3.89756e-08     4.32822e-08       0.0450621       0.0270139       0.0152532      0.00272764       0.0172149
     2.46768e-08     2.51926e-08     3.49644e-08     3.68455e-08     5.04309e-08       0.0386743       0.0395141       0.0190241      0.00307331       0.0354369
     2.07776e-08     2.26178e-08     2.53433e-08     3.11143e-08     4.62217e-08       0.0329918       0.0532195       0.0229666      0.00341988       0.0588629
     3.02017e-08     2.42324e-08     2.69604e-08     3.30918e-08     2.96031e-08       0.0281377        0.068322        0.027068      0.00355286       0.0852732
     3.38601e-08      2.8706e-08     3.07863e-08     3.78203e-08     2.65834e-08       0.0239564       0.0834178       0.0311167       0.0033925        0.113238
     2.82797e-08     2.70295e-08     2.93287e-08     4.04585e-08     2.55819e-08       0.0206213       0.0979823       0.0347616      0.00302023        0.140329
     3.10279e-08     3.10763e-08     3.69596e-08     2.95169e-08     3.76463e-08        0.018022        0.111378       0.0377422       0.0023391        0.165307
     3.30015e-08     2.88466e-08     5.02513e-08      2.9261e-08     4.85747e-08       0.0158577        0.122703       0.0396756      0.00155505        0.185575
     4.20102e-08     2.79613e-08     3.47257e-08     3.53733e-08     4.03449e-08       0.0141021        0.131115       0.0405502     0.000836296        0.200084
     3.21666e-08     3.13626e-08      3.3497e-08     3.84076e-08     2.80873e-08       0.0128059        0.136483       0.0400732     0.000411366        0.207864
      3.2333e-08     3.51544e-08     2.67431e-08     3.38383e-08     3.03423e-08       0.0116444        0.137916       0.0384588     0.000493864        0.208585
     2.31708e-08     2.95115e-08      2.8368e-08     3.27534e-08     2.80816e-08        0.011002        0.135518       0.0355639      0.00122374        0.202794
     1.62971e-08     3.16096e-08     1.79651e-08      2.0868e-08     3.16265e-08       0.0110964        0.129449       0.0319352      0.00281433        0.191024
     2.46859e-08     2.52268e-08     2.02869e-08     2.37103e-08     3.74065e-08       0.0120359        0.120009       0.0277773      0.00514593        0.175298
     2.16251e-08     2.72365e-08     2.26334e-08     3.04043e-08     2.71199e-08       0.0140828        0.107695       0.0234366      0.00830744        0.156726
     2.54447e-08      1.8009e-08     2.24818e-08     2.23488e-08      2.2758e-08        0.017551       0.0932477       0.0193817       0.0121966        0.136862
     3.38523e-08     2.15358e-08     1.98003e-08     2.14107e-08     2.69141e-08        0.022406       0.0779664       0.0159086         0.01668        0.118211
     3.34268e-08     1.67135e-08     1.85257e-08     2.20377e-08     3.35987e-08       0.0286877       0.0623848       0.0132508       0.0213897        0.101398
     2.68257e-08     3.30232e-08     2.72043e-08     3.79468e-08     2.48707e-08        0.036131        0.047686       0.0115599         0.02643       0.0874812
      1.4234e-08     2.22205e-08     2.36634e-08     2.97732e-08     2.73317e-08       0.0442842       0.0346656       0.0107782       0.0312458       0.0766755
     2.68645e-08     2.00373e-08     2.25728e-08     2.00022e-08     2.70013e-08       0.0527434       0.0242282       0.0107841       0.0360543       0.0691502
     1.94241e-08      2.0735e-08      1.7533e-08     2.49187e-08     3.30566e-08       0.0609316       0.0166195        0.011454       0.0403005       0.0642712
     2.17889e-08     1.95555e-08     1.51991e-08     1.79671e-08     2.78401e-08       0.0680391       0.0121874       0.0124897       0.0438125       0.0609888
     2.34279e-08     1.81084e-08     1.77762e-08     1.90243e-08     2.29526e-08       0.0737008       0.0110194       0.0136058       0.0466255       0.0586994
     2.05688e-08     2.17837e-08     2.19432e-08     2.54825e-08     2.59115e-08       0.0774822       0.0128281       0.0146756       0.0484848       0.0565009
     1.98671e-08     1.90753e-08     1.72075e-08     1.87046e-08     2.91501e-08       0.0792735        0.017443       0.0155534       0.0491229       0.0537102
     1.86177e-08     2.17183e-08     1.88478e-08     2.33097e-08     2.73539e-08       0.0792594       0.0243695        0.016154       0.0487017       0.0499709
     1.86458e-08     1.52524e-08     1.52505e-08     2.34648e-08     2.33212e-08       0.0777371       0.0332722       0.0164601       0.0469238       0.0453088
        1.92e-08     2.10115e-08     1.96058e-08     2.38755e-08     2.09379e-08       0.0752524       0.0434907       0.0166786       0.0439459       0.0398904
     1.92403e-08     2.00437e-08     2.00137e-08     1.70823e-08     3.04321e-08          0.0721       0.0546008       0.0167844       0.0395791       0.0341929
     1.47428e-08     1.47419e-08     2.15782e-08     1.93053e-08     1.62718e-08       0.0690391       0.0660518       0.0169328       0.0342529       0.0289317
      1.7892e-08     1.60999e-08     2.59194e-08     1.93193e-08     2.46918e-08       0.0665136       0.0773133       0.0171901        0.027948       0.0249379
     1.72946e-08     2.51444e-08     1.64207e-08     1.97608e-08     2.80901e-08       0.0641818       0.0876589       0.0175363       0.0213463        0.023096
     1.57286e-08     2.08764e-08      1.2963e-08     1.76353e-08     2.23163e-08        0.062529       0.0969642       0.0179956       0.0145752       0.0240607
     1.65767e-08     2.03569e-08     1.63667e-08      1.3963e-08     1.90486e-08       0.0608642        0.104143       0.0183305      0.00844587       0.0285807
     2.13163e-08     3.18519e-08     1.35136e-08     1.75168e-08      1.6029e-08       0.0590597        0.109424       0.0184627      0.00358834       0.0372146
     2.84409e-08     2.51717e-08     1.54194e-08     2.53208e-08     2.04171e-08        0.056723         0.11231       0.0182608     0.000688719       0.0501304
     2.48737e-08     1.82698e-08     1.71979e-08     1.64485e-08     1.36946e-08       0.0535692        0.112896       0.0175083     0.000367661       0.0673313
     2.26642e-08     1.64491e-08     1.62534e-08     2.21173e-08     1.98892e-08        0.049642        0.111371       0.0163388      0.00317073       0.0887702
     1.76332e-08     1.72969e-08     2.42171e-08     2.41889e-08      1.8047e-08       0.0450477          0.1087       0.0147599      0.00949422          0.1138
     1.80655e-08     2.41413e-08     2.33409e-08     2.88283e-08     1.78315e-08       0.0403449        0.104775        0.012941       0.0192737        0.141207
      2.0378e-08     2.67402e-08     2.07783e-08     2.86871e-08     2.60688e-08        0.036184        0.101072       0.0111232       0.0324239        0.169909
     2.37701e-08     2.77078e-08     2.00264e-08     2.49326e-08     2.31593e-08       0.0334628       0.0977592      0.00974654       0.0482047        0.198072
     2.52794e-08     2.17299e-08      2.1609e-08     1.80466e-08     3.21879e-08        0.032727       0.0952988      0.00895896        0.065871        0.224024
     1.81814e-08     2.27201e-08     2.19611e-08     2.92943e-08     2.78818e-08       0.0348141       0.0941226      0.00913414       0.0841735        0.246141
     2.06976e-08     1.82992e-08     2.70516e-08     2.78774e-08     4.01583e-08        0.039874       0.0937275       0.0104335        0.102337        0.262405
      2.9496e-08     3.00764e-08     2.45042e-08     3.21891e-08     3.75777e-08       0.0481842       0.0939705       0.0128603        0.118651        0.271096
     2.45415e-08      3.2568e-08     2.05011e-08     2.37695e-08     3.28384e-08       0.0593646       0.0940337       0.0163318        0.132091         0.27182
     3.39596e-08     3.59068e-08     2.51881e-08     2.35071e-08     3.86674e-08        0.072993       0.0934477       0.0206565        0.142087        0.264397
      2.8126e-08     2.01042e-08     2.44957e-08     2.40942e-08     3.98563e-08       0.0883679       0.0910331       0.0254742         0.14758        0.248274
      3.6778e-08     2.30543e-08     4.22084e-08     2.43543e-08     3.12408e-08        0.104544       0.0863877       0.0304709        0.148403        0.225111
     3.29386e-08     3.57649e-08     2.12367e-08      4.7891e-08     4.93626e-08        0.121205       0.0796222       0.0352678        0.144931        0.195902
     3.15999e-08     2.25917e-08     2.82585e-08     4.31517e-08     4.31919e-08        0.136992       0.0705723        0.039604        0.137018        0.163465
     2.32819e-08     2.93161e-08     2.21086e-08     3.83632e-08     3.60909e-08         0.15143       0.0597737       0.0432479        0.125387        0.129032
     2.44045e-08     3.32467e-08     3.52888e-08     4.48385e-08     3.86741e-08         0.16413       0.0483279       0.0460757        0.111068       0.0957193
     3.01809e-08     4.81076e-08     3.61097e-08     3.94916e-08     4.78533e-08        0.174328       0.0369375       0.0479609       0.0946306       0.0658279
     3.75085e-08     3.01858e-08     2.25424e-08     5.63272e-08     4.29594e-08        0.181056       0.0269611       0.0488904       0.0771013       0.0411444
     4.33552e-08     4.65218e-08     2.63252e-08     5.31874e-08      5.1183e-08        0.184334       0.0194029       0.0488538       0.0597732       0.0233737
     3.03338e-08      4.1487e-08     2.22759e-08       3.472e-08     3.60282e-08        0.183502       0.0150474        0.047918       0.0430332       0.0135451
     5.16613e-08     2.50398e-08     3.76636e-08     6.44888e-08      4.5257e-08        0.177977       0.0143994       0.0458245       0.0281352       0.0121915
     3.96828e-08     3.50603e-08     5.61216e-08     5.48926e-08     5.93896e-08        0.167584       0.0176782       0.0428049       0.0161163       0.0192965
     5.03509e-08     3.15685e-08     4.99803e-08     7.05417e-08     7.52556e-08         0.15294       0.0244874       0.0385909      0.00751471       0.0341268
     7.32456e-08     4.76557e-08      4.1751e-08      7.9731e-08     8.70223e-08        0.133693       0.0343722       0.0337202      0.00303453       0.0556157
     7.36205e-08     5.07193e-08     5.83322e-08     9.50525e-08     9.61124e-08         0.11179       0.0466332       0.0276659       0.0031047       0.0820054
     8.02344e-08     6.21129e-08     8.41016e-08     1.43809e-07     1.65168e-07       0.0880164       0.0599725       0.0213632      0.00787885        0.111762
     6.25958e-08     6.50081e-08     6.96321e-08     8.16577e-08     1.22223e-07       0.0641517       0.0736793        0.014977       0.0170203        0.142395
     1.07522e-07     9.76636e-08     5.32168e-08     6.78821e-08     1.18198e-07       0.0426772       0.0865521      0.00909787       0.0299862        0.171913
     8.57643e-08     7.25847e-08     5.26686e-08     6.18159e-08     9.72942e-08       0.0251798       0.0975848      0.00423884       0.0459725        0.198659
     8.64973e-08     5.38921e-08     6.84212e-08     8.47772e-08      1.3976e-07       0.0137801        0.105772      0.00106662       0.0633202        0.219695
     8.04662e-08     8.82991e-08     7.31453e-08     9.32612e-08     9.92101e-08      0.00953637        0.111321     2.67125e-05       0.0806626        0.234465
     4.11787e-08     7.11983e-08     3.72543e-08      4.4058e-08     5.54737e-08       0.0134498        0.112937       0.0013981       0.0963763        0.241703
     8.55836e-08     1.00079e-07     6.06067e-08     8.67475e-08      1.1044e-07       0.0254007        0.111164      0.00529128        0.109355        0.240877
     1.04815e-07     1.03637e-07     6.72977e-08     9.66227e-08     1.35676e-07       0.0447538        0.105743       0.0114292        0.117554        0.231542
     7.04261e-08     8.17458e-08     6.08885e-08     8.73686e-08     7.89743e-08       0.0696456       0.0974985       0.0194554        0.120655        0.215266
     5.17612e-08     4.06103e-08     4.89626e-08     7.96088e-08      6.7379e-08        0.098058       0.0867753       0.0286069        0.118474        0.192778
     7.31899e-08     7.08608e-08     4.84658e-08     8.48538e-08     8.96593e-08        0.127285       0.0745318       0.0383243        0.111033        0.165926
     5.91746e-08     6.50494e-08      3.3166e-08     5.22556e-08     7.18746e-08        0.154846       0.0617721       0.0475779       0.0993028        0.136637
     6.51603e-08     5.02145e-08     3.55687e-08     5.76186e-08     7.73065e-08        0.178472        0.049395       0.0558589       0.0848181        0.106958
      5.1285e-08     5.48906e-08     2.49106e-08     4.60976e-08     5.37215e-08        0.196113       0.0383856       0.0623064       0.0687606       0.0787003
     5.62096e-08     2.35908e-08     3.06958e-08     5.06536e-08     4.81174e-08        0.205194       0.0296441       0.0670443        0.053204        0.053867
     4.54059e-08     2.68827e-08     4.72674e-08     9.25694e-08     6.44988e-08        0.207121       0.0237148       0.0692978       0.0398669       0.0331037
     4.42357e-08     5.02305e-08      7.4748e-08     8.27606e-08     1.11326e-07        0.200912       0.0213778       0.0696785       0.0300254       0.0177426
     7.59336e-08     5.56991e-08     5.64306e-08     7.50035e-08     1.20207e-07        0.188219       0.0226926       0.0680611       0.0241555      0.00751322
     6.74792e-08     6.52503e-08     5.51709e-08     6.71565e-08     9.23656e-08        0.170265        0.027355       0.0651334       0.0233444      0.00200333
     3.74839e-08     4.55522e-08     5.94593e-08     4.99167e-08     5.03586e-08        0.149329       0.0351737       0.0612287       0.0267051      0.00057074
     6.17636e-08     6.51723e-08     6.13282e-08     8.79903e-08     3.91606e-08        0.127577       0.0452475       0.0566084       0.0340089      0.00208851
     5.52201e-08     6.69476e-08     5.37047e-08     7.48214e-08     8.94247e-08         0.10724       0.0567893       0.0517679       0.0437331      0.00548021
     6.02691e-08     5.53264e-08     4.47429e-08     6.57138e-08     8.43039e-08       0.0901163       0.0686939       0.0469576       0.0545986      0.00961006
     5.03038e-08     3.93685e-08     3.39356e-08     5.71924e-08     7.33571e-08       0.0774513       0.0798507       0.0424837       0.0649623       0.0136726
      3.8376e-08     4.96768e-08     3.87918e-08     5.84447e-08     4.12592e-08       0.0698728       0.0891098       0.0379016       0.0738667       0.0171464
      3.7255e-08     3.34726e-08      4.7304e-08     4.82806e-08     5.89927e-08       0.0676125       0.0956079       0.0339681       0.0794887       0.0195257
     3.43488e-08     4.63116e-08        3.32e-08     4.21169e-08     5.04985e-08        0.069943       0.0987941        0.030398       0.0815625       0.0209973
     3.03926e-08      2.9105e-08     3.35102e-08     5.81263e-08     7.49424e-08       0.0756536       0.0983292       0.0270864        0.079801       0.0217055
     4.14487e-08     5.09601e-08     3.52203e-08     7.83971e-08     9.03951e-08       0.0841572       0.0941503       0.0242013       0.0745033       0.0217932
     3.51987e-08     6.09766e-08     3.72673e-08       7.332e-08     7.91874e-08       0.0928803       0.0872114       0.0217742       0.0659787       0.0218514
      4.6943e-08     4.91709e-08     3.09903e-08     6.22477e-08     5.47424e-08        0.101876       0.0777568       0.0197299       0.0553396       0.0219458
       2.619e-08     4.99725e-08     6.01569e-08     6.87852e-08     6.66926e-08        0.109514       0.0672717        0.018178       0.0436728       0.0223269
     5.19428e-08     5.28316e-08     5.55812e-08     7.36296e-08     7.64987e-08        0.115328       0.0571536       0.0171431       0.0321117        0.023035
     7.79194e-08     7.92049e-08     6.50666e-08      9.8082e-08     1.36999e-07        0.118956       0.0483609       0.0167644       0.0219415       0.0241089
     6.09364e-08     7.74408e-08     5.46322e-08     1.61637e-07     1.91765e-07        0.121221       0.0420121       0.0167192       0.0139733       0.0251055
     7.50436e-08     9.82594e-08     4.00204e-08     1.22259e-07     1.90068e-07         0.12279       0.0388354        0.017114      0.00893364        0.025899
     5.30264e-08      6.1121e-08     3.99023e-08     6.21818e-08     8.78495e-08        0.124031       0.0393241       0.0180026      0.00734885       0.0264993
     3.77187e-08     5.75421e-08     4.11396e-08     8.62279e-08     1.34562e-07        0.126429       0.0430415       0.0191077      0.00934878       0.0263323
     4.92506e-08     8.05104e-08     2.51779e-08     7.10452e-08     9.07962e-08        0.130268        0.049658       0.0205244       0.0147237       0.0257172
     6.32503e-08     6.28832e-08     4.39819e-08     9.79504e-08     1.07232e-07        0.136563       0.0580243       0.0221138       0.0230307       0.0241205
     6.08754e-08     4.19385e-08     4.17024e-08     6.82806e-08     8.80556e-08        0.144629       0.0669783       0.0241064        0.033742       0.0220537
     5.17776e-08     2.81941e-08     3.97912e-08     4.82549e-08     8.08866e-08         0.15444       0.0754681       0.0260892       0.0461376       0.0193182
     3.33345e-08     2.59956e-08     3.39682e-08     6.14262e-08     4.32012e-08        0.164865        0.082282       0.0283457       0.0592497       0.0163246
     4.41558e-08     3.93481e-08     3.13842e-08     5.63963e-08     3.64444e-08        0.175254       0.0863354       0.0306337       0.0721064       0.0129953
     4.61301e-08     4.98083e-08     1.99264e-08     3.55749e-08     6.57844e-08        0.184646        0.087514       0.0327507       0.0838151      0.00981914
     3.59521e-08      3.8227e-08     2.89772e-08     3.42525e-08     7.21971e-08        0.191278       0.0853847       0.0347025       0.0940117      0.00681003
     2.90798e-08     2.46414e-08     2.02567e-08     2.88413e-08     5.25144e-08        0.195418       0.0806099       0.0361758        0.101895      0.00422548
     2.38911e-08     2.63279e-08     2.39723e-08     2.37813e-08     4.22484e-08        0.196515       0.0737576       0.0373199        0.106476      0.00239948
     3.07188e-08      4.0715e-08     3.90343e-08     4.92089e-08     6.55551e-08        0.194771       0.0655413       0.0379486        0.108618      0.00126809
     2.63503e-08     5.07838e-08     3.08956e-08     4.55355e-08     4.54324e-08        0.190505       0.0571408       0.0379351        0.107709      0.00106708
     3.87074e-08     4.31392e-08     3.54333e-08     3.74983e-08     5.59662e-08        0.184899       0.0493317       0.0375718        0.103758      0.00180532
     5.87937e-08     3.81059e-08     3.90651e-08     4.69271e-08      8.2848e-08        0.178511       0.0427082       0.0369793       0.0977968      0.00338666
     5.34392e-08      4.9133e-08     5.24518e-08     6.77271e-08     7.74382e-08         0.17208       0.0379575       0.0360871       0.0897345      0.00576897
     5.37753e-08     3.91723e-08     4.27634e-08     6.56126e-08     4.67568e-08        0.165698       0.0350118       0.0350605       0.0801881      0.00880359
     5.09518e-08     4.16931e-08     3.36194e-08     5.22232e-08     6.06835e-08        0.159949       0.0336694       0.0342645       0.0697129       0.0122617
     5.53076e-08     3.76483e-08     2.53544e-08     5.69964e-08     6.42694e-08        0.154147       0.0337758       0.0331794       0.0588266       0.0158078
     3.44806e-08     3.01658e-08     3.79926e-08     4.72668e-08     4.49037e-08        0.148562       0.0350504       0.0321273        0.047686       0.0191575
     3.28582e-08     2.23133e-08      3.4678e-08     5.38112e-08     3.08434e-08        0.142338        0.037096       0.0306878       0.0368258       0.0221011
     4.19721e-08      3.1822e-08     3.17941e-08     4.94301e-08     3.73961e-08        0.135075       0.0393418        0.028752       0.0266589       0.0243619
      3.2555e-08     4.27252e-08     2.20483e-08     5.38853e-08     4.60898e-08        0.127653       0.0419079       0.0262792       0.0175333       0.0257509
     2.40597e-08     3.12832e-08     2.46663e-08     3.07217e-08     3.98114e-08        0.119736       0.0447152       0.0231383      0.00992249       0.0261573
     3.26441e-08      4.0166e-08     2.68357e-08     3.65009e-08     3.39761e-08        0.112534       0.0475603       0.0192998      0.00427111       0.0256464
     5.12777e-08      4.0527e-08     4.61819e-08     4.82057e-08     9.10966e-08         0.10725       0.0509246       0.0153684      0.00103956       0.0241358
     5.04586e-08     4.47009e-08     3.47187e-08     4.48066e-08     6.29757e-08        0.104991       0.0547987       0.0113317     0.000620179       0.0219656
     3.76992e-08     4.63291e-08     3.34667e-08     4.04319e-08      6.3624e-08         0.10636       0.0590297      0.00768964      0.00328313       0.0192046
     4.33385e-08     2.66593e-08     4.12634e-08       5.596e-08     4.97062e-08        0.112635       0.0637794      0.00490587      0.00919512       0.0162098
     3.54168e-08     2.89855e-08     2.88706e-08     4.04596e-08     3.92604e-08        0.124057       0.0689783      0.00335987       0.0181695       0.0130373
     3.05635e-08     2.91761e-08     3.27225e-08     5.71358e-08     8.66927e-08        0.139994       0.0741803      0.00318838       0.0297312       0.0100901
     3.54524e-08     2.20306e-08     4.36223e-08     7.43572e-08       6.834e-08        0.159573       0.0791068      0.00436516        0.043516      0.00733643
      3.0117e-08     3.34767e-08     2.72181e-08     3.54739e-08     5.43076e-08         0.18186       0.0839109      0.00680548       0.0580555      0.00506879
     3.81334e-08     3.30705e-08     3.35526e-08     7.08963e-08      4.9936e-08        0.204703       0.0882933       0.0101606       0.0724908      0.00324547
      4.7244e-08     3.72781e-08      2.6953e-08     7.66223e-08     6.27764e-08        0.226522       0.0922709       0.0138456       0.0856486      0.00187499
     3.57515e-08     3.48632e-08     3.06421e-08     3.89518e-08     3.95307e-08        0.245419       0.0962122        0.017456       0.0959692     0.000917849
     3.40923e-08     3.95726e-08     2.62654e-08     3.82853e-08     4.28843e-08        0.260381       0.0999178       0.0206586        0.103143     0.000321366
     4.25889e-08     3.92591e-08      2.9261e-08      7.1231e-08     5.62411e-08        0.269974        0.103478       0.0229428        0.105849     4.44781e-05
     3.40422e-08     3.61631e-08     2.41568e-08     6.23414e-08     4.55393e-08        0.273941        0.106852       0.0243049        0.104119     4.31946e-05
     3.32699e-08     1.91808e-08      2.3801e-08     3.21309e-08     3.32682e-08        0.272214        0.110076        0.024759       0.0981263     0.000289178
     2.64016e-08     2.51032e-08     2.45241e-08     2.77099e-08     3.91809e-08        0.264752        0.112144       0.0244512       0.0881607     0.000808195
     2.19783e-08     1.91054e-08     1.78815e-08     2.96142e-08     3.09102e-08        0.252864        0.113323        0.023518       0.0753429      0.00158721
      2.2549e-08       2.078e-08     2.43505e-08     3.32078e-08     2.40151e-08        0.237679        0.112312       0.0222858       0.0607694      0.00263378
     2.48352e-08     2.27753e-08     2.55496e-08     3.00879e-08     2.32958e-08        0.219521        0.108654        0.021102       0.0457015      0.00389481
     3.39666e-08     3.19046e-08     2.45423e-08     2.27362e-08     3.37143e-08        0.200576        0.101981       0.0199533       0.0315015      0.00539403
      2.5827e-08     2.23847e-08      3.0943e-08     3.18869e-08     3.36946e-08        0.182129       0.0925443       0.0189959       0.0193419      0.00689688
     4.13126e-08     3.78729e-08     1.93556e-08      3.9402e-08     3.91466e-08        0.165267       0.0806388        0.018009      0.00987651      0.00834853
     3.19109e-08     2.87346e-08     2.48843e-08     3.84367e-08     2.36951e-08        0.151473       0.0670212       0.0170031      0.00354874      0.00960328
     2.17927e-08     2.66229e-08      2.7399e-08     3.18446e-08     4.27511e-08        0.141718       0.0535466       0.0157833     0.000498732       0.0104034
      1.8036e-08     4.00316e-08     1.97342e-08     2.01836e-08     2.54505e-08        0.136865       0.0415608        0.014156     0.000371365       0.0107118
      1.9988e-08     2.80234e-08     2.52468e-08     3.16367e-08     4.39445e-08        0.136662       0.0325097       0.0122375      0.00257075       0.0103909
     2.45662e-08     3.09223e-08     2.77426e-08     5.47411e-08     6.57178e-08         0.14184       0.0277403      0.00993309      0.00641788       0.0095228
     3.19873e-08     4.31693e-08     2.01256e-08     2.74435e-08     5.52535e-08        0.151349       0.0281708      0.00741821       0.0109737      0.00814545
     3.10449e-08     2.46419e-08     3.01749e-08     1.97611e-08     3.41405e-08        0.164954       0.0338497      0.00498138       0.0155833      0.00638708
      4.1511e-08     3.48942e-08     3.05493e-08     3.54339e-08     6.40863e-08        0.181267       0.0442096      0.00286643       0.0196533       0.0045665
     6.26861e-08     4.08777e-08     2.85522e-08      4.2097e-08     3.66321e-08        0.199186       0.0582891      0.00129803       0.0226534      0.00292795
     2.88731e-08     3.24472e-08     2.01637e-08     8.21272e-08     3.69063e-08        0.217905       0.0745632     0.000493984       0.0244316      0.00174165
     3.83991e-08     3.44115e-08     2.20036e-08     4.32729e-08     3.96237e-08        0.236147       0.0909364     0.000565086        0.025132      0.00116918
     3.24686e-08     4.44082e-08     2.36209e-08      4.4827e-08     7.18444e-08        0.252776        0.105891      0.00153326       0.0249231      0.00137992
     3.26452e-08      5.3915e-08      3.2117e-08     4.29627e-08     9.39506e-08        0.267629        0.118469      0.00329486       0.0239606      0.00241675
     2.88503e-08     4.36017e-08     2.51891e-08     3.23271e-08     5.19706e-08         0.27922        0.127472      0.00569407       0.0227386      0.00418448
     2.87874e-08     3.88468e-08     2.39568e-08     3.25441e-08     3.77936e-08        0.287882        0.133021      0.00844148       0.0213507      0.00658498
     2.25155e-08     4.16167e-08     2.65942e-08     3.41603e-08     5.66329e-08        0.293146        0.135406       0.0114444       0.0201151        0.009344
     5.77127e-08     6.68452e-08     3.56761e-08     6.66175e-08     4.07514e-08        0.294827        0.135584       0.0142808       0.0192009       0.0122066
     6.24225e-08     6.49135e-08     2.25937e-08     5.39067e-08     6.74268e-08        0.292787        0.134151       0.0168062       0.0186093       0.0148322
     2.93406e-08     3.56155e-08     2.53897e-08      6.7129e-08     7.02953e-08         0.28727        0.132387       0.0188987       0.0183223       0.0172014
     4.11738e-08     3.13677e-08     2.18663e-08     3.44099e-08     5.22927e-08        0.278559        0.130894       0.0205272       0.0181033       0.0188178
     5.68232e-08     6.14124e-08     3.71674e-08     6.00586e-08     1.00621e-07        0.267049        0.130081       0.0213681       0.0180168       0.0196608
     6.04653e-08     4.59114e-08     4.17602e-08     1.67166e-07     1.51173e-07         0.25382        0.129038       0.0216724       0.0177657       0.0197047
     1.25167e-07     1.04717e-07     8.64124e-08     2.29471e-07     1.93435e-07        0.239818        0.127663       0.0212263       0.0172305        0.019087
     1.17352e-07     1.04869e-07     3.90252e-08     9.86268e-08     1.52586e-07        0.226061        0.124862       0.0202288       0.0164194       0.0176798
     1.02493e-07     8.23599e-08     2.65829e-08     5.44286e-08     1.15324e-07        0.213562        0.119357       0.0187041        0.015237       0.0158499
     7.97424e-08     9.25403e-08     2.62329e-08     6.91749e-08     1.37921e-07        0.203585        0.110724        0.016744        0.013665       0.0134896
     6.16642e-08     9.21497e-08     7.50359e-08     1.60948e-07     1.25676e-07         0.19601       0.0990325       0.0143339       0.0116766       0.0110048
     6.65685e-08     7.59537e-08     9.93816e-08     2.00552e-07     1.59963e-07        0.191958        0.084012       0.0117834      0.00951558      0.00853673
     5.80343e-08     7.91701e-08     3.84218e-08     7.75606e-08     1.97593e-07        0.190447       0.0668978      0.00911714      0.00718994      0.00618077
     8.61896e-08     8.80099e-08     4.32469e-08     1.50866e-07     2.17294e-07        0.190995       0.0493073      0.00657483      0.00495705      0.00411465
     9.21924e-08     7.08281e-08     3.43366e-08      5.1106e-08     5.05552e-08         0.19318       0.0329161      0.00437871      0.00296999      0.00237754
     5.74022e-08     4.47946e-08     5.51747e-08     1.25044e-07     6.14796e-08        0.195781       0.0194915      0.00267364      0.00142559       0.0010777
     8.55428e-08     8.02103e-08     6.88762e-08     1.16832e-07     7.67339e-08        0.197431       0.0108028      0.00158963     0.000408092     0.000294564


     5.19529e-05     5.84704e-05     5.03238e-05     5.31655e-05     8.84507e-05         12.2451         102.235         41.6785         43.9374         56.5024
     5.10805e-05     5.66957e-05      6.6828e-05     5.63002e-05     5.65664e-05         4.43171         20.8035         14.9583         7.97987         21.8757
     3.17491e-05     1.89421e-05     3.53989e-05     2.95708e-05     2.01832e-05         1.49791         37.5146         8.75557         7.21854         32.4787
     9.96418e-06     9.36233e-06     8.67958e-06     1.13228e-05     8.02419e-06         7.17011         3.75264         6.24056          1.6586         27.9146
     7.75438e-06        9.16e-06     8.55869e-06     7.50693e-06     8.25065e-06         2.72373          13.323         5.10678         5.39048         21.1985
     4.09247e-06     4.16189e-06     3.79333e-06     4.06854e-06     4.48524e-06         3.29322         2.50464         2.31937         1.85897         18.2345
     5.79287e-06     6.71734e-06      6.0495e-06     6.60507e-06     6.78956e-06         4.24082         11.1445         2.85202          1.8357         19.1474
     7.46747e-06     8.36528e-06     7.41635e-06      7.7641e-06     7.67444e-06         4.38421         1.52271         3.74498         0.74729         9.09616
     5.85702e-06     6.80352e-06      5.6906e-06     6.12431e-06     6.30019e-06         2.64574         6.69071         3.40675         2.49192         18.3134
     2.14674e-06     2.37654e-06     2.04643e-06     2.28048e-06     2.31792e-06         1.92272        0.418603         1.28486        0.365301         7.22375
      2.7637e-06     2.90216e-06     2.85941e-06     3.12547e-06       3.421e-06         1.24048         2.72336         1.09824         1.67932         11.5277
     3.21549e-06     3.34512e-06     3.11124e-06     3.40212e-06     3.76617e-06        0.539981        0.358092         2.62145          1.3885         2.94663
     1.04664e-06     1.18345e-06     1.11794e-06     1.24785e-06     1.20864e-06         6.04453         1.93326         1.26223         1.49237         8.83819
     3.59573e-06     4.32825e-06     3.73149e-06     3.83867e-06     4.03944e-06         1.85626        0.162845         2.13346        0.722899         2.68314
     3.03472e-06     3.20434e-06     2.93787e-06     3.32299e-06     3.39717e-06         3.22819         1.27969         2.36111        0.379251         4.72562
     1.11633e-06     1.17588e-06     1.10391e-06     1.22757e-06      1.1905e-06         1.23577        0.770456         4.37803         2.09944         2.07001
     1.18934e-06     1.30921e-06     1.13784e-06     1.28173e-06     1.40959e-06         3.29133          3.4981           3.865        0.704545         1.55196
     1.14001e-06     1.10163e-06     1.07887e-06     1.13626e-06     1.31874e-06         1.62128         2.16252         4.02195          1.7377         1.11686
     2.48555e-06     2.42292e-06      2.4342e-06     2.72893e-06     3.11474e-06         2.22598         4.58817         4.05389        0.336897         1.57027
     1.98201e-06     2.10386e-06     1.95703e-06     2.27517e-06      2.3912e-06         1.77557        0.495238          3.0235         1.98577         2.62484
     2.90518e-06      2.8784e-06     2.83654e-06     3.11682e-06      3.2252e-06         3.81265         1.82176         5.37044        0.243233        0.979662
     1.59574e-06     1.49635e-06     1.48439e-06     1.65711e-06     1.81373e-06        0.887769        0.651102         4.58622         2.67268         3.42468
     3.08845e-07     3.14871e-07     2.63772e-07     2.78364e-07     3.58658e-07         1.46723         1.46857         6.21182        0.670232         1.08633
     4.99304e-07     5.85015e-07     4.67557e-07     5.02541e-07     5.87398e-07         1.46134        0.629381         7.09177         1.80099         2.84049
     3.26272e-07     3.00455e-07     2.67691e-07     2.67673e-07      3.4942e-07         1.02345         2.15611         7.75348        0.136339         4.03892
     4.77983e-07     4.39845e-07     4.25322e-07      4.9006e-07     5.40111e-07        0.356712         1.24344         3.85711         2.71797         6.75382
     7.52485e-07     8.50089e-07     7.65667e-07     7.70479e-07     7.93377e-07         2.29107         1.23429         1.91192         1.25444         8.42205
     4.00677e-07     3.57343e-07     3.45166e-07     4.13447e-07     3.88242e-07         2.25822        0.907371         1.40953         4.94257          8.7805
     2.87624e-07     3.53379e-07     3.30662e-07     3.67483e-07     4.38573e-07         1.48372         1.85658         1.75913         2.75128         15.5605
      1.9913e-07     2.67001e-07     2.61159e-07     2.76317e-07     2.90359e-07         1.54883         1.04586         5.72007         3.94026         20.5274
      1.8618e-07     2.45153e-07     2.83842e-07     2.66086e-07     2.32695e-07         3.70448        0.292875         2.98089         2.44417         26.0417
     2.99231e-07     3.18519e-07      3.5788e-07     3.38201e-07     3.27111e-07         3.21823         2.48626         2.08271         2.47041         25.3609
     2.02059e-07     2.03488e-07     2.46824e-07     1.93348e-07     2.36966e-07        0.789527         1.74224         2.13648         1.56177         24.2675
     1.11282e-07     1.14069e-07      1.4168e-07     1.34172e-07     1.36092e-07        0.253649        0.342798          3.3857         2.39852         30.3525
     2.73539e-08     3.09569e-08     4.07632e-08     2.60571e-08     2.88511e-08        0.995318        0.467473         3.46452          3.2422         20.3381
     3.66284e-08     3.13282e-08      4.2358e-08     3.45563e-08     4.73656e-08         1.16535        0.743262         2.39649         2.24392         19.3149
     5.18481e-08     4.92162e-08     4.77746e-08     4.82133e-08     6.73752e-08        0.581327        0.816002          1.6021         1.62191         6.56102
     7.14284e-08     6.37374e-08     4.71372e-08     5.61664e-08     7.32364e-08         1.87486         1.07452         1.56194         0.70915         8.27651
     7.48101e-08     8.87553e-08     6.46714e-08     7.41317e-08     7.70848e-08         2.78244       0.0851662         1.83245         1.36421          2.9107
     1.27675e-07     1.33185e-07     1.00927e-07     1.49663e-07     1.38241e-07         3.84113         2.56082         1.29909         2.39959          4.9098
     1.35211e-07     1.29481e-07     1.34485e-07     1.91214e-07     1.85122e-07         2.14981         1.12013         1.36709         3.13881       0.0806283
     1.45648e-07     1.58993e-07     1.36733e-07     1.64001e-07     1.85314e-07         4.98328         2.64617         3.90288         3.67297         1.92444
      1.7441e-07     1.90012e-07     1.94209e-07     2.25102e-07     2.14783e-07         3.85222         1.88063         4.89007         4.29668         1.39621
       1.511e-07     1.80776e-07      1.5497e-07      1.9035e-07     1.97923e-07         4.44971         1.96621        0.690954         2.39247         5.73412
      2.6912e-07     2.52613e-07      2.4891e-07     2.93161e-07     3.44568e-07         1.40955         1.61548         2.07625         3.45918         1.73104
     1.73231e-07      1.7124e-07     1.90543e-07     1.76843e-07     2.21168e-07          5.1534         5.56239         5.51219         3.45533          5.9066
     3.19968e-07       2.863e-07     2.64501e-07     4.03784e-07      3.2579e-07         2.70474         6.52965         7.70946         4.00682        0.929422
     2.28517e-07     2.01242e-07     2.38061e-07     2.72205e-07     2.50568e-07         4.27795         2.12033         2.78439        0.840989         6.69545
     3.74858e-07      3.2773e-07     4.21729e-07     4.12755e-07     3.84224e-07        0.702998         2.79468         5.55881         1.30494          1.5744
      2.4067e-07     2.41728e-07      2.9981e-07        2.65e-07     3.59935e-07         2.51848         3.25117         1.73617        0.298013         2.49081
     5.38497e-07     5.88214e-07     4.96202e-07     6.44725e-07     7.19748e-07          2.1857         3.50668         3.57292        0.449563        0.595987
     6.55716e-07      7.6868e-07     8.03857e-07     8.08288e-07     9.14458e-07          3.8757         4.62901         4.57859        0.602184          4.6403
     1.96474e-06     2.08649e-06     1.79903e-06      2.2742e-06     2.63395e-06        0.103454          6.7488         5.00228        0.262208         1.34925
      9.8742e-07     9.52655e-07     8.53642e-07     1.02364e-06     1.17647e-06         1.03128         3.57536        0.829964         1.12473         6.86885
     1.94318e-07     1.76142e-07     1.76561e-07     1.35606e-07     2.09354e-07         2.06051         4.09266        0.887234        0.865236         4.30757
     1.15399e-07     1.16245e-07     1.66348e-07     1.17618e-07     1.47123e-07         4.69665         4.03802         3.82204         1.13436         5.93689
     1.07264e-07     1.02477e-07     1.01133e-07      1.0377e-07     1.06542e-07         0.67271         5.15083         3.29192         1.00299         2.69961
     6.98765e-08     7.11705e-08     7.40567e-08     6.77399e-08     9.43018e-08          3.1336         2.91992        0.990959         1.03772         6.42075
     5.15378e-08     4.91422e-08     5.46524e-08      7.4137e-08     7.47069e-08        0.672229         2.76217         1.19247         1.89447         10.2091
     6.09636e-08     5.89574e-08     5.40458e-08     3.82824e-08      4.3026e-08         4.88572         1.86353         2.65363         1.52775         11.8596
     3.39493e-08     3.89128e-08     5.65406e-08     5.73753e-08       7.602e-08         2.16364        0.874092         2.13804         2.30523         4.91796
     6.47639e-08     5.18005e-08     8.35732e-08     5.95832e-08     8.14469e-08         6.66732         3.11981        0.622805        0.695758         5.64844
     6.50589e-08     6.47135e-08     5.08155e-08     4.67784e-08      6.4965e-08         1.37278         1.31628        0.437536         2.01987         6.20095
     5.71942e-08     6.53846e-08     4.90698e-08     5.35166e-08     8.05112e-08         4.51676        0.537214        0.955638        0.295394         4.54548
       7.175e-08     8.29745e-08     8.62675e-08      7.0693e-08     8.87656e-08         1.29031         0.24821        0.360338       0.0662177         3.25267
     1.02614e-07     9.57398e-08     1.17236e-07     9.61158e-08     9.17075e-08         4.74736         3.00515         4.31685         1.47341         3.45568
     1.07058e-07     1.04914e-07     1.14977e-07     1.44162e-07     1.37467e-07        0.866442          1.3997         1.72597        0.762533         4.42861
     1.05298e-07     9.11647e-08     8.66867e-08     1.66088e-07     1.93399e-07         4.10257        0.628684         2.69449         2.16092         2.86394
     3.52904e-07     3.37129e-07     2.54853e-07     4.74698e-07     6.15702e-07         1.02788         0.52289         1.28675         1.72819         1.80356
     9.50765e-07     9.62729e-07     8.81258e-07     9.00881e-07     8.96667e-07         3.16347        0.296949         3.27878         2.29468         1.24406
     1.17023e-06     1.33938e-06     1.25739e-06     1.22417e-06     1.27886e-06        0.928497        0.423809         4.29725         3.47096         1.53931
     2.84087e-07     3.23298e-07     3.32054e-07     2.96405e-07     2.99268e-07         4.82461        0.942227         1.99823        0.524819         2.59373
     5.38987e-08      6.5435e-08     5.68527e-08     4.88544e-08     7.32699e-08        0.743657        0.890866         2.49464         1.73866         3.02151
     4.37134e-08     3.51025e-08     3.29938e-08     4.02507e-08     4.04481e-08         1.42684        0.468327        0.144861        0.154653         4.81746
     2.62935e-08     2.60286e-08     3.28805e-08     3.54204e-08     5.45705e-08        0.128884           1.338        0.413994         1.25392         2.00768
     2.00518e-08      2.1653e-08     2.45714e-08     3.26481e-08     4.58065e-08         1.30793         2.01935         1.21211        0.497464         4.34123
     3.05263e-08     2.50055e-08     2.94037e-08     3.35187e-08     2.79194e-08        0.232317         2.84792         1.16688         2.09802         2.06021
     3.13074e-08     2.83884e-08     3.08914e-08     3.80767e-08     2.78063e-08       0.0166529         2.08455         4.68485         1.38585         3.74844
     2.86782e-08     2.59051e-08     2.79107e-08     4.08094e-08     2.47004e-08        0.824204         1.80506         2.11234         1.59417        0.842704
     3.25778e-08     3.22089e-08     3.66115e-08     2.69142e-08     3.81703e-08       0.0658688         3.76533         4.46919         1.91456         2.34933
     3.44752e-08     3.04731e-08     5.24031e-08     3.03443e-08     4.41204e-08         1.28007         4.05718         2.58496         1.71219          5.1983
     4.00438e-08     3.01351e-08     3.64289e-08     3.65701e-08     3.73478e-08        0.628405         1.04523         5.94015          3.5908         8.02781
      3.0962e-08     3.10322e-08     3.43764e-08     3.82858e-08     2.77268e-08         2.04781         3.88525         6.21621         1.29915         8.54553
     3.01409e-08     3.39497e-08     2.75287e-08     3.39622e-08       2.894e-08        0.797332         8.19043         9.79048         1.38726         9.24189
     2.63559e-08     2.83906e-08     2.99895e-08     3.52381e-08     2.77998e-08       0.0616168         4.07752         5.81163       0.0644014         9.98007
      1.8147e-08     2.87991e-08     1.86401e-08     2.03911e-08     2.99956e-08        0.423119         1.71282          2.0524          1.0749         11.2296
     2.53455e-08     2.59104e-08     2.03463e-08     2.35002e-08     3.79127e-08        0.050225         2.42172       0.0880092         1.06543         7.21443
     2.06014e-08      2.4224e-08       2.176e-08     2.98079e-08      2.7347e-08        0.770487         3.87889         4.45747        0.937416         3.82282
     2.44699e-08      1.8843e-08     2.27105e-08     2.08428e-08     2.27274e-08        0.846067         3.22361         3.16861         1.50746        0.869802
     3.23617e-08     1.88338e-08     2.12313e-08     1.89981e-08     2.65396e-08         1.24557         2.09122          1.1289         1.59403        0.516264
     3.36036e-08     1.83699e-08     1.87481e-08     2.06029e-08     3.18028e-08        0.585067         1.00459         1.66679         1.35117        0.286913
     2.63583e-08     3.22451e-08     2.61306e-08     3.71849e-08     2.53159e-08        0.359539           1.067         2.67986         2.02405      0.00183364
     1.43341e-08     2.29697e-08     2.41934e-08     3.07294e-08     3.03745e-08        0.197331         1.42017         1.17395          2.5449        0.708421
     2.64089e-08     2.11381e-08     2.21117e-08      2.0597e-08     2.28522e-08         1.74274         1.24133        0.407085         2.84828        0.870922
     1.89253e-08      2.1815e-08     1.78755e-08     2.39212e-08     3.65652e-08        0.531172        0.832795         2.03767        0.979199         1.14702
      2.1398e-08     2.06242e-08     1.76348e-08     1.72728e-08     2.78996e-08         1.82323       0.0796969         2.32782         2.84041        0.472766
      1.9521e-08     1.79729e-08     1.79185e-08     1.99644e-08     2.53809e-08         1.68065        0.104511        0.922112         2.50343        0.764877
     1.98565e-08     2.11347e-08     2.24727e-08     2.60643e-08     2.06403e-08         3.93021       0.0626787        0.141365         2.16902        0.205729
      1.8304e-08     1.89383e-08     1.76293e-08     1.84768e-08     2.90398e-08         1.77326        0.291519        0.195045         1.15045        0.078913
     1.71275e-08     1.97887e-08     1.83667e-08     2.21841e-08     2.68637e-08         4.69052       0.0121967        0.862475        0.695621         2.25839
     1.81577e-08     1.47168e-08     1.37755e-08     2.44372e-08     2.38856e-08         3.39949          1.4885         2.05591        0.351111           4.361
     1.78347e-08     2.04049e-08     1.82326e-08      2.2866e-08     2.26888e-08         2.43973         1.78023        0.251049        0.795608         3.90358
     1.74799e-08     2.24196e-08     1.96001e-08       1.793e-08     3.02418e-08       0.0894138         2.58653        0.700742        0.886006         1.77446
     1.45246e-08     1.40587e-08     2.11551e-08      2.0111e-08     1.70034e-08        0.810599        0.467467          2.2888         1.41263        0.889465
     1.84611e-08     1.60527e-08     2.45079e-08     1.80282e-08     2.55766e-08      0.00852189        0.760373          1.3808          2.4625        0.782576
     1.81501e-08     2.37462e-08     1.64962e-08     1.95447e-08     2.59192e-08       0.0540746         0.74578        0.244217         2.34334        0.454177
     1.46534e-08      2.1009e-08     1.36513e-08     1.54266e-08     2.15893e-08        0.806559         4.02961       0.0663909           2.127        0.266467
     1.61916e-08      1.8353e-08     1.56953e-08     1.50711e-08     1.96849e-08        0.336439         1.74928         0.14715         2.85621        0.922628
     1.99417e-08     3.30874e-08     1.44878e-08     1.86464e-08     1.54208e-08         1.93662         1.13562       0.0164489         2.95032         1.38248
      2.8074e-08     2.41928e-08     1.58636e-08      2.3878e-08      2.1699e-08         2.17354        0.838855        0.664042         3.24503        0.738747
     2.65926e-08     1.80571e-08     1.77234e-08     1.81835e-08     1.29819e-08         4.07578          4.7811         2.45848         1.60248       0.0503934
     2.19867e-08     1.54526e-08     1.54751e-08     2.14336e-08     1.92203e-08         1.95253          3.5958         3.57634         1.20123        0.154101
     1.69687e-08     1.79135e-08     2.46222e-08     2.32921e-08     1.89394e-08        0.551004         3.34027         3.04955        0.550098         1.08867
     2.02929e-08     2.52945e-08     2.21689e-08     2.92614e-08     1.76448e-08        0.535728         1.96994         3.21974        0.623994         2.17312
      1.9462e-08     2.66775e-08     2.03331e-08     2.88148e-08     2.52537e-08         1.46341         1.83524         3.73524        0.362331         3.92793
     2.30415e-08     2.72066e-08     1.99287e-08     2.47855e-08     2.28814e-08        0.372613         1.57726         6.79965         0.45037         7.32162
     2.65071e-08     2.02721e-08     2.09443e-08     1.86693e-08     3.09249e-08       0.0641978         1.92874         5.77139         2.29965         9.54672
     2.01615e-08     2.27668e-08      2.0742e-08     2.75563e-08      2.8002e-08       0.0227144        0.273313         1.45359         6.06943         7.29355
     2.05242e-08     1.88288e-08     2.55535e-08     2.62164e-08     3.58268e-08        0.118959         0.48358          2.2913         6.05611         6.31722
     2.58785e-08     2.97085e-08     2.58555e-08      3.1275e-08     3.89684e-08        0.548151          1.2292          4.3157         6.29681         11.2204
     2.68076e-08     3.25231e-08     2.02735e-08     2.28466e-08     3.23595e-08        0.592014         0.94233         3.29765         8.48663         13.5303
     3.42315e-08     3.64555e-08     2.58747e-08     2.23181e-08     3.38768e-08         2.77359         3.07022         1.68154         8.42405         10.3866
     2.78961e-08     2.03125e-08     2.51507e-08     2.34223e-08     4.08888e-08         3.67222         2.70315         1.29894         6.34969         9.22578
     3.60994e-08     2.32283e-08     4.18746e-08     2.44953e-08      3.1657e-08         4.39917         2.59917         1.98488         4.36512         9.85119
      3.6587e-08     3.71067e-08     2.28958e-08     4.68407e-08     5.22053e-08         2.30719         2.31766         1.01353          4.0939         8.80977
     3.45446e-08     2.55343e-08     2.73592e-08     4.50443e-08      4.2616e-08         1.35105         4.62634         1.04185         2.91917         6.58173
     2.33902e-08     2.98839e-08     2.24722e-08     3.74655e-08     3.60363e-08        0.737433         3.96677          2.5053         3.46657         6.16977
     2.60547e-08      2.9839e-08     3.41166e-08     4.53508e-08     3.97028e-08         1.65695         3.00394         1.16194         2.13729         6.73605
     3.02755e-08     4.32521e-08     3.57558e-08     3.98062e-08      4.5744e-08         1.33106        0.995608        0.545901         1.89275         4.70909
     3.73528e-08     3.04292e-08     2.29747e-08      5.3883e-08     4.03992e-08         2.81671         1.86026        0.475045         1.05557         3.86388
     4.57487e-08     4.46466e-08     3.06974e-08     5.79305e-08     5.15963e-08         4.39469          1.5673        0.220567         1.13868         3.81466
     2.96912e-08     3.86215e-08     2.49148e-08     3.66695e-08     3.56069e-08         6.61399         1.05961        0.522172        0.504812         3.69992
     5.23929e-08     2.55549e-08     3.80546e-08     5.87251e-08     4.33804e-08         5.03969        0.488695         2.19067        0.737476         2.01998
     3.78259e-08     3.49554e-08     5.54356e-08     5.75759e-08     6.04355e-08          4.5739        0.378209          3.9679         1.10165         2.00459
     4.84933e-08     3.18321e-08     4.98124e-08     6.77337e-08      7.6383e-08         2.67233         1.63208         3.06795         1.90767         4.51127
     6.54832e-08     4.69932e-08     4.43584e-08     7.92021e-08      8.6323e-08         2.78018         1.85569         1.24196        0.835572         9.10528
     7.05539e-08     5.24508e-08     5.83507e-08     1.01842e-07      9.2466e-08         4.13507         1.01834         1.82543        0.721216         9.03651
     7.76418e-08     6.16703e-08      8.5354e-08     1.41966e-07     1.62465e-07         3.00992       0.0921264         1.13144         0.34435         7.45314
     6.32165e-08     6.33072e-08     6.83831e-08     7.99396e-08     1.16773e-07         1.65859         2.11144        0.991679         1.06097         6.74025
     1.04681e-07      9.8384e-08      5.5944e-08     7.06003e-08     1.18366e-07          1.9105         2.17847         1.21277         2.36557         11.0908
     9.53079e-08     8.05904e-08      5.6711e-08     7.27199e-08     1.06924e-07         2.12715        0.360946        0.185232         4.38451          9.6922
     8.67816e-08     5.10524e-08      6.6754e-08     8.43665e-08     1.41795e-07         2.23401        0.923846        0.592622         4.26051         7.29055
      8.1291e-08     8.51771e-08     7.44947e-08     9.63304e-08     1.01038e-07         2.85751         4.04051         1.86442         3.52654         5.32975
     3.90822e-08     6.36343e-08     3.67277e-08     4.69145e-08     5.59906e-08         1.34213         4.68031        0.916332         4.19266         11.2495
     8.04875e-08      9.4965e-08     5.89561e-08     9.07593e-08     1.08936e-07        0.584668         2.87085         2.22443         5.68705         10.6874
     1.00353e-07     9.66609e-08     5.87588e-08     9.48039e-08     1.24005e-07         1.22374         4.13645         4.52124         4.90053            11.7
     6.76449e-08     8.28236e-08     6.23285e-08     8.97379e-08     7.42509e-08         3.63909         5.30401         4.00401         3.83955         9.57834
     5.11227e-08     4.12961e-08     5.43596e-08     7.97689e-08     6.21567e-08         3.09057         5.45446          2.5054         4.34922         8.85105
      7.1203e-08     7.15369e-08     4.99591e-08     9.03706e-08       9.007e-08         4.70535          3.6734         1.44329         4.13439         7.66365
     5.56063e-08     6.44706e-08     3.31979e-08      5.1228e-08     7.07261e-08         4.88696         3.16083         3.61296         3.01683         9.24791
     6.89088e-08     5.04462e-08     3.23036e-08     5.67548e-08     7.47902e-08         5.27972         1.57755         3.39511         2.78234         8.18001
     4.96756e-08     5.12032e-08     2.64711e-08     4.40119e-08     5.29308e-08         6.85908        0.281747        0.835113         4.76577         5.56636
     5.66987e-08     2.34792e-08     3.03438e-08     4.92785e-08     4.48943e-08         10.8048        0.288694         1.87274         2.44459         2.49393
      4.4151e-08      2.8269e-08     4.91225e-08     9.03976e-08     6.43828e-08         4.96256         2.12107         4.98615        0.934347         4.18209
     4.49453e-08     5.15918e-08     7.51888e-08     7.98184e-08     1.04954e-07         4.73406         4.03581         3.91106        0.109945         4.16208
      7.3744e-08     5.44469e-08     5.41742e-08     7.13785e-08     1.23868e-07         4.58505         2.18111         4.84056        0.516055         3.06871
     6.96481e-08     6.76792e-08      5.0858e-08     6.42538e-08     8.22285e-08         6.94595        0.209626         1.98967        0.535469         2.66761
      3.9191e-08     4.64874e-08     5.81075e-08     5.22285e-08     6.13123e-08          3.9724        0.296554        0.369748          1.0434         1.97116
     6.11818e-08     6.62766e-08     5.98126e-08     9.15448e-08     3.70543e-08         2.99785        0.270213        0.103685         1.68916         2.51149
     5.65315e-08     7.08282e-08     5.13072e-08     7.02099e-08     9.33274e-08        0.794025        0.692183        0.587234          1.3909          2.2856
     5.65739e-08     5.16782e-08     4.84145e-08     7.46018e-08     8.18668e-08        0.049848         2.74536        0.124237          1.3553          3.1737
     4.53732e-08     3.89311e-08     3.35938e-08     5.66272e-08     7.04387e-08        0.867672         8.09116         1.56069         1.35758         2.18129
     3.54196e-08     4.71308e-08     3.70985e-08     5.44417e-08     3.86268e-08         1.22291         5.29266         3.65183         3.39224         4.74763
     3.66953e-08     3.64638e-08     4.87019e-08     4.48027e-08     6.10698e-08        0.235923         3.17609         2.46085         2.98213         2.76243
     3.06724e-08     4.14654e-08     3.50208e-08     4.11717e-08     4.50347e-08      0.00969515         3.61579         2.49028         2.94014         2.18056
     2.98181e-08     2.93157e-08     3.30916e-08     5.83693e-08     6.91726e-08        0.917478         6.54023         1.39875         3.23114         0.70424
     4.27048e-08     5.47017e-08     3.53654e-08     6.63716e-08     7.98871e-08        0.335441         4.28849       0.0303418         4.04891        0.254789
     3.38358e-08     5.94923e-08     3.69084e-08     6.80247e-08     6.97666e-08          1.1544          2.0239        0.128697         2.68061        0.908968
     3.93927e-08     4.24747e-08     3.03454e-08     5.14319e-08     4.98383e-08         1.53146        0.440235           0.406         3.09891        0.558323
     2.77127e-08     4.86655e-08     5.73023e-08     6.00126e-08     6.23889e-08          4.2576         2.16324        0.196529         1.41317         2.32725
     4.76113e-08     5.22424e-08     5.71455e-08     6.97304e-08     7.78893e-08        0.893909         2.35278        0.180197         1.34716         2.45876
     7.28393e-08     7.27663e-08     6.58716e-08     8.21442e-08      1.1474e-07         1.98171         1.33025          1.0927       0.0555976           1.459
     6.10155e-08     7.48017e-08     5.32195e-08       1.537e-07     1.81704e-07         1.03088        0.342791         1.15179       0.0895696         0.44963
     7.21235e-08     9.72871e-08     4.12359e-08     1.22522e-07     1.86449e-07         1.60945        0.071542       0.0957134       0.0732203        0.177819
      5.2517e-08     6.10082e-08     3.85256e-08     5.67467e-08     8.32677e-08         1.50828        0.366757        0.136193        0.191062        0.257153
     3.66951e-08      5.9233e-08     4.37788e-08     9.54727e-08     1.45957e-07         1.26545       0.0161147        0.641458        0.152935        0.889049
     4.26935e-08     7.50288e-08     2.31538e-08     5.48734e-08     8.27409e-08        0.899867        0.879522         2.50354        0.930697        0.144349
     5.57798e-08     6.17116e-08     4.02165e-08     9.55078e-08     1.01989e-07         1.13564         1.12563         1.57021        0.224311        0.880868
     5.22554e-08     3.77868e-08     4.03301e-08     6.77795e-08     7.97147e-08       0.0139908         2.16492        0.690441         1.59705        0.882065
     4.47354e-08     2.31439e-08      3.7223e-08     4.28608e-08     5.63201e-08         1.16148        0.868985        0.965599         2.00802         1.56274
     3.44979e-08     2.40077e-08     3.45266e-08     6.03111e-08      4.2416e-08         5.11644         2.63732        0.231605         3.40478        0.587147
     3.38235e-08     3.58866e-08     2.94381e-08     4.93472e-08     3.93398e-08         5.65342         1.47457        0.747177         2.61466        0.355636
     3.83674e-08     3.89862e-08     2.21329e-08      3.4511e-08     6.04104e-08         4.92445         4.86557         2.77284         1.94097        0.207776
     3.35949e-08     3.43968e-08     2.90927e-08     3.23892e-08     5.87355e-08         2.91553         3.43614         1.94341         0.61806         0.57321
     2.88136e-08     2.47795e-08     2.06742e-08     2.69894e-08     4.59824e-08         4.57776         1.99788        0.148562         2.00097       0.0653126
     2.53128e-08     2.65216e-08     2.38723e-08      2.3261e-08      3.2443e-08         3.06126        0.838789        0.583221         1.69577        0.547801
     2.97587e-08     3.86442e-08     3.69888e-08     3.38688e-08     4.22996e-08         3.53389         2.41013        0.636457         3.00546        0.371724
      2.4498e-08     4.51723e-08     2.96776e-08     4.04092e-08     4.34401e-08         1.39188        0.209594        0.881023         2.21187        0.688711
       4.215e-08     3.85833e-08     3.60842e-08     3.26905e-08     3.67552e-08         1.30506          0.3833        0.166245         5.42714        0.324316
     5.60971e-08     3.78234e-08      3.8027e-08     4.07233e-08     6.71323e-08         1.22215        0.503933         1.68053         4.00234        0.264631
     4.86113e-08     4.66838e-08     5.13962e-08     6.68503e-08      7.2906e-08         1.52207        0.592207         1.59534         4.07489        0.366424
     5.53477e-08     4.10617e-08     3.86388e-08     6.91048e-08     4.73834e-08        0.418442        0.100333         0.97018         1.60031        0.986128
      4.4816e-08     3.80917e-08     3.17351e-08     5.32384e-08     4.92891e-08         1.24206       0.0326273       0.0719502         1.93053         1.18364
     4.25734e-08      3.3267e-08     2.65819e-08     4.53884e-08     5.26848e-08         1.97775        0.567029        0.451384        0.368102          2.0182
     3.12791e-08     2.79731e-08     3.62265e-08     4.45789e-08     4.13126e-08         1.90248       0.0371967        0.703588        0.542593         2.02767
     2.98762e-08     2.04326e-08     3.46499e-08     5.03195e-08     2.83144e-08         1.85688        0.881974        0.334565       0.0468389         1.34047
      3.4139e-08     2.39472e-08     3.39631e-08     3.68588e-08     3.23191e-08         1.52209        0.945625     0.000937536        0.163826          1.1982
     3.34005e-08     4.39416e-08     2.39306e-08      5.4765e-08     4.63939e-08         1.78802         3.93347        0.402925        0.521666        0.546139
     2.13936e-08     2.80843e-08     2.54053e-08      3.0759e-08     3.49187e-08         1.26819         2.55127         2.09697         1.94503        0.416439
     3.17988e-08     3.68559e-08     2.96362e-08     3.42017e-08     3.18291e-08         1.25708         1.45732         1.15234         1.29159        0.603157
     5.30702e-08     3.61619e-08     4.42815e-08     3.88369e-08     5.34515e-08         2.03983        0.111608        0.853736         1.77789         1.16929
     4.73444e-08       4.328e-08     3.47149e-08     4.22262e-08     4.90911e-08         1.68165        0.271086         2.51266        0.218327         1.32458
     3.54869e-08     4.13874e-08     3.46654e-08     4.08872e-08     5.40895e-08        0.132021        0.507465         3.97998         1.42295        0.919105
     4.39656e-08      2.6595e-08     3.72747e-08     4.52857e-08     4.06524e-08       0.0670973         1.54408         1.24258        0.630271        0.988813
     2.78563e-08     2.30404e-08     2.38657e-08     3.67483e-08     3.02048e-08        0.476704         3.65868         1.90708         2.07201         1.26993
     2.37629e-08     2.33272e-08     2.87295e-08      3.7205e-08     5.70724e-08         1.48727         3.57853         2.83063         2.18657        0.337266
     3.38215e-08     2.17967e-08     2.98299e-08      4.2164e-08     4.86009e-08         3.37123         2.05705         3.88433         4.67887        0.126103
     3.21653e-08     2.99378e-08     2.74869e-08     3.31047e-08     5.39925e-08         3.40957         0.59972         3.89917          5.0919        0.169669
     4.16115e-08     3.37324e-08     2.98947e-08     6.20107e-08     4.01999e-08         3.94068        0.892569         1.08062         4.04568        0.438236
     4.50779e-08     3.49217e-08     2.68092e-08     6.47872e-08     4.76858e-08         3.97621        0.990309         1.90739         3.00881        0.126882
     3.07812e-08     3.04036e-08     2.85868e-08     3.81527e-08     3.60086e-08         4.13041          2.0486         2.23374         3.51487        0.251083
     3.06471e-08     3.92462e-08     2.69344e-08     3.61486e-08     4.24699e-08         4.16317         1.62405         6.65306         4.13499        0.335673
     4.59835e-08     4.07178e-08     2.71181e-08     6.89973e-08     5.53567e-08         5.70579         1.22979         6.43749         4.81862        0.253863
     3.37708e-08      2.9358e-08     2.46777e-08     6.16727e-08     4.44809e-08         3.69445       0.0826699         3.38631         4.13542       0.0580984
      3.5026e-08     1.89632e-08     2.18227e-08     2.71763e-08     3.35915e-08         3.27337         1.07277        0.542273          3.1339        0.221978
     2.41879e-08     2.37297e-08     2.50071e-08     2.84774e-08     4.20598e-08         3.13048        0.605078        0.742247         2.89541        0.230616
     2.15982e-08      1.9519e-08     1.80741e-08     2.50844e-08     2.48945e-08         3.57014         1.14247        0.379371          4.7352        0.150601
      2.2798e-08     2.40141e-08     2.45187e-08     2.42367e-08     2.21485e-08         1.18354         2.89694        0.219605         3.16039        0.104094
     2.38093e-08     2.49808e-08     2.78691e-08     2.53008e-08     1.97339e-08         2.03484         4.71056       0.0765638         3.31336       0.0220329
     3.11959e-08     2.69674e-08     2.54233e-08     2.35724e-08     3.20958e-08         3.91578         3.12825        0.101988         4.83254        0.495438
     2.15637e-08     2.18017e-08     2.80225e-08      3.1836e-08     2.67335e-08         4.08803         2.30876        0.237848         3.84467         1.07578
     3.04542e-08     2.97061e-08     1.92414e-08     3.93186e-08     2.41097e-08         2.12406         2.54159       0.0658091         3.89658         1.48944
     3.13975e-08     2.65899e-08     2.31163e-08     3.77133e-08     2.56679e-08         1.67999         5.27205         1.07839         1.55581        0.668103
     1.82321e-08      2.6686e-08     2.80646e-08     2.87697e-08     2.84245e-08        0.251329         3.72778         2.40465         1.51083        0.385187
     1.99692e-08     4.19689e-08     1.95284e-08     1.94299e-08      2.6235e-08         0.18221        0.388057         3.14527        0.315848        0.677866
     2.00362e-08     2.63008e-08     2.54709e-08     2.59311e-08     3.89563e-08        0.457769        0.495427         1.80266         1.41044           1.544
     2.53371e-08     2.95243e-08     2.79253e-08     5.45717e-08     6.16598e-08        0.949418          1.1802         3.95166        0.685001         1.48504
      2.8551e-08     3.88362e-08     2.13487e-08     2.08922e-08     5.16068e-08        0.109086         1.02544         3.72598         2.59849          1.2242
     3.41919e-08     2.55767e-08     3.00813e-08     2.00114e-08     2.90766e-08         1.92958        0.265698         2.03399         1.55016        0.164345
     3.95974e-08      3.0108e-08     3.11885e-08     3.53633e-08     5.82745e-08         3.55242         0.91344          3.6542          4.1163         1.15638
     5.38222e-08     3.70392e-08     2.95938e-08     4.09387e-08     3.72887e-08         3.04949          3.9244         1.76931         2.28478        0.324588
     2.94285e-08      3.2942e-08     1.83068e-08     7.24315e-08     3.36071e-08         4.59533         5.40365        0.744994         2.23503        0.709971
     3.39395e-08     2.82752e-08     1.95049e-08     3.40722e-08     3.81867e-08         4.53632         4.69023         1.77496        0.252898        0.542127
     2.58019e-08     3.24671e-08      2.4521e-08     4.31666e-08     4.15688e-08         3.49853         7.17049         3.29734        0.878741        0.601795
     3.25591e-08     4.74084e-08     3.10772e-08     3.09939e-08     5.41952e-08         1.33909         6.71122         1.69258        0.251959        0.209238
     2.89467e-08     4.01572e-08     2.44148e-08     3.05551e-08     4.40086e-08         1.61047         6.37532        0.652886        0.047362        0.800601
     2.58725e-08     3.34641e-08     2.57759e-08     2.12324e-08     3.05731e-08         2.75422          4.5895        0.156878        0.734051         1.49129
     2.13811e-08     4.01993e-08      2.3887e-08     2.83538e-08      4.7364e-08         6.02474         5.40271          0.6007        0.691433         1.26513
     4.08546e-08     4.35419e-08     2.98576e-08     4.56367e-08      4.1012e-08         3.27146         2.86777        0.109921         1.61526         1.26502
     4.38849e-08     5.37509e-08      2.1371e-08     4.73235e-08     4.84162e-08         2.85955         0.65104        0.214258          1.5609         1.71689
     2.59046e-08     2.96097e-08     2.16399e-08     5.02593e-08     3.95856e-08         4.57736       0.0841508        0.153125         1.20724         3.45835
     3.78058e-08     2.90996e-08     1.80241e-08     2.93613e-08     4.71375e-08         7.10441        0.109176        0.446719        0.622787         2.37759
     4.62111e-08     5.46599e-08     3.42972e-08      3.5727e-08     4.99291e-08          3.2328        0.795788         1.06848       0.0507318          3.2617
     4.99385e-08     4.24026e-08     4.07414e-08     1.48265e-07     1.13745e-07         2.20965         2.07036         1.03725       0.0225051         1.27991
      9.3104e-08     7.68295e-08     8.19702e-08     2.10154e-07     1.79218e-07         2.54053         2.70583         1.24756        0.682996        0.930885
     1.18245e-07     1.08321e-07     3.45535e-08     8.90347e-08     1.54871e-07         3.12974         5.42191         1.57426        0.332564       0.0324013
     8.87165e-08     7.25011e-08     2.87125e-08     6.55358e-08     1.21396e-07        0.684182         6.72392         0.52823        0.903874       0.0447194
      8.3907e-08      9.2915e-08     2.80947e-08     6.95852e-08     1.39754e-07         1.55129         5.84692        0.762832       0.0418237        0.407934
     5.20008e-08     7.77263e-08     6.35949e-08     1.26318e-07     1.22285e-07         1.39505         3.75298        0.221982        0.142763        0.803032
     3.56538e-08     3.93001e-08     1.03336e-07     1.87032e-07      1.6792e-07         0.96962         4.51139         0.64363        0.220884        0.614587
     5.12056e-08     6.24714e-08     3.22708e-08     4.00092e-08     9.90639e-08         0.97417         3.28657        0.139308        0.677288         0.49255
     7.05106e-08     7.36935e-08     2.83342e-08      5.8321e-08      7.5479e-08        0.320743         2.79857         0.30151        0.432676        0.372928
     7.33879e-08     6.67989e-08     3.67681e-08      4.5381e-08     4.21218e-08         2.13238         0.74786         1.02197         1.00931         0.87656
     3.65544e-08     3.23405e-08     3.58751e-08     6.11252e-08     2.85778e-08         2.89134         1.02309         1.08436        0.180611        0.132006
     5.71092e-08     5.17848e-08     5.16155e-08     7.12656e-08     4.09644e-08         3.79952         1.97089        0.294021        0.558252         1.00392
