         15.3304         16.7607         18.0504         15.7435         15.1207
         13.1233         10.2676         14.4797         11.7335         9.65305
         12.2083         9.56629         10.8595          11.198         10.0406
         8.62974         7.97584         10.7357         11.7017         8.72573
         6.66804         7.60102         5.28249         7.41196         7.68674
          4.5254         5.73034         5.49316         4.93703         5.48729
          3.6332         4.38246         5.45868         4.58312         4.11403
         3.26624         2.72825         4.90762         5.04206         3.94367
         3.40117         3.49529         3.14648         2.65434         3.53122
          2.4606         2.54861         2.53557          2.4242         2.48018
         2.18304         2.02108         2.15981          2.2108          1.7754
         1.50781         2.21421         1.87693         2.49473         1.84258
         1.30624         1.78764         1.70285         1.73854          1.4363
         1.22625         1.05551         1.29169          1.4293        0.994887
         1.31765         1.44061         1.45733         1.24675          1.2757
         1.19859         1.16497          1.1013         1.21837        0.970602
        0.929221        0.800905         0.92559         1.18281        0.974547
        0.739815        0.748761         1.06447        0.861068        0.863444
        0.781799        0.623192        0.872285        0.759136        0.774645
        0.651241        0.622434         0.69572        0.500575        0.822191
        0.625019        0.585068        0.586861        0.512233        0.656517
        0.710952        0.460589        0.566752        0.477043        0.671243
         0.53073        0.362207        0.495218         0.48133        0.700354
         0.39904        0.456384        0.474225        0.529525        0.510531
        0.495512          0.3673        0.393114        0.377052        0.462873
        0.376086        0.383335        0.503795        0.398758        0.506782
        0.477365        0.346585        0.418769        0.324325        0.602521
        0.470455         0.36663        0.478447        0.327631        0.419354
        0.447208        0.336186        0.292542        0.334748        0.441192
        0.424608        0.348901        0.341075        0.342316        0.334029
        0.319642        0.344023        0.293812        0.377586        0.329965
        0.247937         0.32131         0.31264        0.263885        0.215938
         0.24516        0.260834        0.239809        0.242953        0.226491
        0.277776        0.255018        0.275399        0.200862         0.16917
        0.244568        0.219769        0.269658        0.191377        0.240363
        0.240703        0.233281        0.214971        0.219334        0.203869
        0.215287        0.208129        0.223088        0.234254         0.25578
        0.201846        0.167495        0.203819        0.261298        0.230866
        0.197511        0.162413        0.210704        0.215032        0.230811
        0.219853        0.182776        0.154582        0.173748         0.20099
        0.215307        0.211832        0.188951        0.158139        0.167835
        0.156708        0.223963        0.166395        0.202192        0.161879
         0.16828        0.193353        0.151868        0.219118        0.166887
        0.128661        0.187315        0.160871        0.147385        0.168714
        0.170405        0.173137        0.150501        0.150641        0.147153
        0.162728        0.150575        0.183843        0.182074        0.142725
        0.143676        0.140222        0.135387        0.133105        0.120825
        0.156518        0.117657        0.176919        0.152805        0.128462
        0.120341        0.145157        0.137997        0.128019        0.136825
        0.105814        0.148957        0.119714        0.115901        0.106743
        0.139215        0.130891        0.110596       0.0981882        0.131707
        0.110342        0.125858        0.107304        0.136148        0.127693
        0.134812        0.126571        0.112387        0.138153        0.111461
        0.116911        0.116557       0.0756203        0.130485        0.104899
        0.109625        0.105018        0.106762        0.091013       0.0942055
        0.100556       0.0999144        0.116974       0.0830197        0.102409
       0.0987645        0.107094        0.104928       0.0912604        0.103354
        0.100729       0.0968422        0.114711       0.0840389         0.11475
       0.0840181       0.0903602        0.101554         0.10226       0.0989324
       0.0867961       0.0800947       0.0797673        0.104732       0.0817748
       0.0816524        0.084299       0.0704472        0.125156       0.0966032
       0.0899274        0.108306       0.0822614       0.0794718       0.0796227
         0.07883       0.0876888       0.0857271       0.0831698       0.0768859
        0.102286       0.0576083        0.103529       0.0936539        0.082692
       0.0831461       0.0717011       0.0734787       0.0916539       0.0799201
       0.0945906       0.0707668         0.11515       0.0525402       0.0706953
       0.0834226        0.060423       0.0708744       0.0589121        0.093418
       0.0788414       0.0657118       0.0946744       0.0791089       0.0907079
       0.0894733       0.0674839       0.0850447        0.069051       0.0914002
       0.0698598       0.0769296       0.0801376       0.0511176       0.0833185
       0.0669752       0.0558606       0.0859337        0.058695       0.0788799
        0.071086       0.0693505       0.0623114       0.0576811       0.0704614
       0.0604632       0.0648141       0.0716091       0.0535609       0.0622857
       0.0699528       0.0632856       0.0604668       0.0736384       0.0624507
        0.058844       0.0632087       0.0764622       0.0665455       0.0644962
       0.0862566       0.0495264       0.0496424       0.0543185       0.0702388
       0.0748182       0.0504137       0.0467194        0.057483       0.0512479
       0.0694504       0.0643177       0.0601762       0.0568664       0.0613748
       0.0554099       0.0657277       0.0606397       0.0524409       0.0533815
        0.065192       0.0559329       0.0483217       0.0402919       0.0426361
       0.0580407       0.0479464       0.0532227       0.0471355       0.0500147
       0.0564266       0.0658537       0.0527268       0.0582605        0.051054
       0.0693923       0.0550379        0.052017       0.0483996       0.0690448
       0.0627149       0.0492021       0.0739473       0.0648139       0.0618526
       0.0449433         0.07594       0.0657288       0.0573035       0.0552513
       0.0533908       0.0571406        0.048575       0.0561112       0.0445825
       0.0545305       0.0609306       0.0513326       0.0756036       0.0605935
       0.0550953       0.0455908       0.0589841       0.0552543       0.0536374
       0.0556164       0.0525391       0.0537252       0.0553666       0.0450116
       0.0669437       0.0513581       0.0603691       0.0637365       0.0493042
       0.0574429       0.0479886       0.0463645       0.0527749       0.0628859
       0.0508774       0.0460463        0.054881       0.0414245       0.0536443
       0.0560004       0.0425323       0.0522225       0.0704588       0.0568488
       0.0458121        0.042686       0.0467557        0.044036       0.0469742
        0.040824       0.0560342       0.0492881        0.053111       0.0516788
          0.0477       0.0449429       0.0559774       0.0579591       0.0518905
       0.0525138       0.0489249       0.0453877       0.0439895       0.0491246
       0.0428894       0.0516058       0.0524511       0.0470327       0.0400305
       0.0389238       0.0402028         0.04269       0.0482866       0.0462721
       0.0367482       0.0428511       0.0447451       0.0566299       0.0405673
       0.0372142        0.045882       0.0439331       0.0595612       0.0379304
       0.0371147       0.0428206       0.0492127       0.0542702       0.0379262
       0.0435303       0.0402093       0.0429734       0.0579278       0.0354106
       0.0397496       0.0403388       0.0353896       0.0546757       0.0399263
        0.045601       0.0390444       0.0495288       0.0484039       0.0391923
       0.0426423       0.0489664        0.044637       0.0397765       0.0304937
       0.0406943       0.0459122       0.0451639       0.0425164       0.0444045
       0.0477186       0.0430075       0.0439124       0.0496137       0.0492743
       0.0414357        0.058065       0.0408271       0.0496833       0.0400521
       0.0534504       0.0442966       0.0400765       0.0321562       0.0359896
       0.0388759       0.0363787       0.0419306       0.0401308       0.0365867
       0.0340963       0.0519012       0.0420365       0.0394295       0.0438147
       0.0417649       0.0423282       0.0463065       0.0449869       0.0405812
       0.0399239       0.0480226       0.0457648       0.0597362       0.0429371
        0.031942       0.0347615       0.0542257       0.0540377        0.040508
       0.0491018       0.0432115       0.0422121       0.0437004        0.046424
       0.0452099       0.0388339       0.0450783       0.0392058       0.0522591
       0.0534318       0.0373697       0.0484464       0.0350564       0.0461463
       0.0490804       0.0363996       0.0318037       0.0445334        0.036502
       0.0379148       0.0394621       0.0407386       0.0398189       0.0399012
       0.0405941       0.0462293       0.0341672       0.0333694       0.0397856
        0.035454       0.0355222       0.0408399       0.0483799       0.0403948
       0.0384814        0.041473        0.037037       0.0454914       0.0349188
       0.0404768       0.0434891       0.0522545       0.0569527       0.0446785
       0.0327685       0.0446546       0.0433153        0.057983       0.0431562
       0.0371086       0.0424379       0.0492381       0.0494692       0.0483584
       0.0507175       0.0383833       0.0458426       0.0487893       0.0349693
